pile A :
2
4
1
7
8
-5
-7
18
21
-3
45
-67
29
-21
34
70
-156
22
730
89201
-71289
218
-1879
pile B:
PIVOT:-67I:0J:22
pb
pa
ra
pb
rra
pa
pile A :
-1879
4
1
7
8
-5
-7
18
21
-3
45
-67
29
-21
34
70
-156
22
730
89201
-71289
218
2
pile B:
PIVOT:-67I:1J:20
pb
pa
ra
pb
rra
pa
pile A :
-1879
-71289
1
7
8
-5
-7
18
21
-3
45
-67
29
-21
34
70
-156
22
730
89201
4
218
2
pile B:
PIVOT:-67I:2J:16
pb
pa
ra
pb
rra
pa
pile A :
-1879
-71289
-156
7
8
-5
-7
18
21
-3
45
-67
29
-21
34
70
1
22
730
89201
4
218
2
pile B:
PIVOT:-67I:3J:11
pb
pa
ra
pb
rra
pa
pile A :
-1879
-71289
-156
-67
8
-5
-7
18
21
-3
45
7
29
-21
34
70
1
22
730
89201
4
218
2
pile B:
PIVOT:29I:10J:22
pb
pa
ra
pb
rra
pa
pile A :
-1879
-71289
-156
-67
8
-5
-7
18
21
-3
2
7
29
-21
34
70
1
22
730
89201
4
218
45
pile B:
PIVOT:29I:12J:20
pb
pa
ra
pb
rra
pa
pile A :
-1879
-71289
-156
-67
8
-5
-7
18
21
-3
2
7
4
-21
34
70
1
22
730
89201
29
218
45
pile B:
PIVOT:29I:14J:17
pb
pa
ra
pb
rra
pa
pile A :
-1879
-71289
-156
-67
8
-5
-7
18
21
-3
2
7
4
-21
22
70
1
34
730
89201
29
218
45
pile B:
PIVOT:29I:15J:16
pb
pa
ra
pb
rra
pa
pile A :
-1879
-71289
-156
-67
8
-5
-7
18
21
-3
2
7
4
-21
22
1
70
34
730
89201
29
218
45
pile B:
PIVOT:730I:18J:22
pb
pa
ra
pb
rra
pa
pile A :
-1879
-71289
-156
-67
8
-5
-7
18
21
-3
2
7
4
-21
22
1
70
34
45
89201
29
218
730
pile B:
PIVOT:730I:19J:21
pb
pa
ra
pb
rra
pa
pile A :
-1879
-71289
-156
-67
8
-5
-7
18
21
-3
2
7
4
-21
22
1
70
34
45
218
29
89201
730
pile B:
PIVOT:89201I:21J:22
pb
pa
ra
pb
rra
pa
pile A :
-1879
-71289
-156
-67
8
-5
-7
18
21
-3
2
7
4
-21
22
1
70
34
45
218
29
730
89201
pile B:
PIVOT:730I:21J:21
pile A :
-1879
-71289
-156
-67
8
-5
-7
18
21
-3
2
7
4
-21
22
1
70
34
45
218
29
730
89201
pile B:
SECOND
PIVOT:730I:21J:21
pile A :
-1879
-71289
-156
-67
8
-5
-7
18
21
-3
2
7
4
-21
22
1
70
34
45
218
29
730
89201
pile B:
SECOND
PIVOT:218I:19J:20
pb
pa
ra
pb
rra
pa
pile A :
-1879
-71289
-156
-67
8
-5
-7
18
21
-3
2
7
4
-21
22
1
70
34
45
29
218
730
89201
pile B:
PIVOT:218I:20J:20
pile A :
-1879
-71289
-156
-67
8
-5
-7
18
21
-3
2
7
4
-21
22
1
70
34
45
29
218
730
89201
pile B:
PIVOT:730I:21J:21
pile A :
-1879
-71289
-156
-67
8
-5
-7
18
21
-3
2
7
4
-21
22
1
70
34
45
29
218
730
89201
pile B:
PIVOT:730I:21J:21
pile A :
-1879
-71289
-156
-67
8
-5
-7
18
21
-3
2
7
4
-21
22
1
70
34
45
29
218
730
89201
pile B:
SECOND
PIVOT:730I:21J:21
pile A :
-1879
-71289
-156
-67
8
-5
-7
18
21
-3
2
7
4
-21
22
1
70
34
45
29
218
730
89201
pile B:
SECOND
PIVOT:730I:21J:21
pile A :
-1879
-71289
-156
-67
8
-5
-7
18
21
-3
2
7
4
-21
22
1
70
34
45
29
218
730
89201
pile B:
PIVOT:730I:21J:21
pile A :
-1879
-71289
-156
-67
8
-5
-7
18
21
-3
2
7
4
-21
22
1
70
34
45
29
218
730
89201
pile B:
SECOND
PIVOT:-21I:4J:13
pb
pa
ra
pb
rra
pa
pile A :
-1879
-71289
-156
-67
-21
-5
-7
18
21
-3
2
7
4
8
22
1
70
34
45
29
218
730
89201
pile B:
SECOND
PIVOT:8I:7J:15
pb
pa
ra
pb
rra
pa
pile A :
-1879
-71289
-156
-67
-21
-5
-7
1
21
-3
2
7
4
8
22
18
70
34
45
29
218
730
89201
pile B:
PIVOT:8I:8J:13
pb
pa
ra
pb
rra
pa
pile A :
-1879
-71289
-156
-67
-21
-5
-7
1
8
-3
2
7
4
21
22
18
70
34
45
29
218
730
89201
pile B:
PIVOT:34I:16J:19
pb
pa
ra
pb
rra
pa
pile A :
-1879
-71289
-156
-67
-21
-5
-7
1
8
-3
2
7
4
21
22
18
29
34
45
70
218
730
89201
pile B:
PIVOT:34I:17J:17
pile A :
-1879
-71289
-156
-67
-21
-5
-7
1
8
-3
2
7
4
21
22
18
29
34
45
70
218
730
89201
pile B:
PIVOT:70I:19J:19
pile A :
-1879
-71289
-156
-67
-21
-5
-7
1
8
-3
2
7
4
21
22
18
29
34
45
70
218
730
89201
pile B:
PIVOT:218I:20J:20
pile A :
-1879
-71289
-156
-67
-21
-5
-7
1
8
-3
2
7
4
21
22
18
29
34
45
70
218
730
89201
pile B:
PIVOT:730I:21J:21
pile A :
-1879
-71289
-156
-67
-21
-5
-7
1
8
-3
2
7
4
21
22
18
29
34
45
70
218
730
89201
pile B:
PIVOT:730I:21J:21
pile A :
-1879
-71289
-156
-67
-21
-5
-7
1
8
-3
2
7
4
21
22
18
29
34
45
70
218
730
89201
pile B:
SECOND
PIVOT:730I:21J:21
pile A :
-1879
-71289
-156
-67
-21
-5
-7
1
8
-3
2
7
4
21
22
18
29
34
45
70
218
730
89201
pile B:
SECOND
PIVOT:730I:21J:21
pile A :
-1879
-71289
-156
-67
-21
-5
-7
1
8
-3
2
7
4
21
22
18
29
34
45
70
218
730
89201
pile B:
PIVOT:730I:21J:21
pile A :
-1879
-71289
-156
-67
-21
-5
-7
1
8
-3
2
7
4
21
22
18
29
34
45
70
218
730
89201
pile B:
SECOND
PIVOT:218I:20J:20
pile A :
-1879
-71289
-156
-67
-21
-5
-7
1
8
-3
2
7
4
21
22
18
29
34
45
70
218
730
89201
pile B:
PIVOT:730I:21J:21
pile A :
-1879
-71289
-156
-67
-21
-5
-7
1
8
-3
2
7
4
21
22
18
29
34
45
70
218
730
89201
pile B:
PIVOT:730I:21J:21
pile A :
-1879
-71289
-156
-67
-21
-5
-7
1
8
-3
2
7
4
21
22
18
29
34
45
70
218
730
89201
pile B:
SECOND
PIVOT:730I:21J:21
pile A :
-1879
-71289
-156
-67
-21
-5
-7
1
8
-3
2
7
4
21
22
18
29
34
45
70
218
730
89201
pile B:
SECOND
PIVOT:34I:17J:17
pile A :
-1879
-71289
-156
-67
-21
-5
-7
1
8
-3
2
7
4
21
22
18
29
34
45
70
218
730
89201
pile B:
PIVOT:70I:19J:19
pile A :
-1879
-71289
-156
-67
-21
-5
-7
1
8
-3
2
7
4
21
22
18
29
34
45
70
218
730
89201
pile B:
PIVOT:218I:20J:20
pile A :
-1879
-71289
-156
-67
-21
-5
-7
1
8
-3
2
7
4
21
22
18
29
34
45
70
218
730
89201
pile B:
PIVOT:730I:21J:21
pile A :
-1879
-71289
-156
-67
-21
-5
-7
1
8
-3
2
7
4
21
22
18
29
34
45
70
218
730
89201
pile B:
PIVOT:730I:21J:21
pile A :
-1879
-71289
-156
-67
-21
-5
-7
1
8
-3
2
7
4
21
22
18
29
34
45
70
218
730
89201
pile B:
SECOND
PIVOT:730I:21J:21
pile A :
-1879
-71289
-156
-67
-21
-5
-7
1
8
-3
2
7
4
21
22
18
29
34
45
70
218
730
89201
pile B:
SECOND
PIVOT:730I:21J:21
pile A :
-1879
-71289
-156
-67
-21
-5
-7
1
8
-3
2
7
4
21
22
18
29
34
45
70
218
730
89201
pile B:
PIVOT:730I:21J:21
pile A :
-1879
-71289
-156
-67
-21
-5
-7
1
8
-3
2
7
4
21
22
18
29
34
45
70
218
730
89201
pile B:
SECOND
PIVOT:218I:20J:20
pile A :
-1879
-71289
-156
-67
-21
-5
-7
1
8
-3
2
7
4
21
22
18
29
34
45
70
218
730
89201
pile B:
PIVOT:730I:21J:21
pile A :
-1879
-71289
-156
-67
-21
-5
-7
1
8
-3
2
7
4
21
22
18
29
34
45
70
218
730
89201
pile B:
PIVOT:730I:21J:21
pile A :
-1879
-71289
-156
-67
-21
-5
-7
1
8
-3
2
7
4
21
22
18
29
34
45
70
218
730
89201
pile B:
SECOND
PIVOT:730I:21J:21
pile A :
-1879
-71289
-156
-67
-21
-5
-7
1
8
-3
2
7
4
21
22
18
29
34
45
70
218
730
89201
pile B:
pile A :
-1879
-71289
-156
-67
-21
-5
-7
1
8
-3
2
7
4
21
22
18
29
34
45
70
218
730
89201
pile B:
